Webots Project File version R2020b
perspectives: 000000ff00000000fd00000002000000000000023d000005f6fc0100000002fb0000001e00480074006d006c0052006f0062006f007400570069006e0064006f007700000000000000023d0000000000000000fb0000001a0044006f00630075006d0065006e0074006100740069006f006e0000000000ffffffff0000005400ffffff000000010000021200000612fc0200000001fc00000000000006120000007b0100001cfa000000000100000002fb0000001a0043006f006e0073006f006c00650041006c006c0041006c006c0100000000ffffffff0000005400fffffffb0000001400540065007800740045006400690074006f007201000006df000001240000007f00ffffff00000ca70000061200000001000000020000000100000008fc00000000
simulationViewPerspectives: 000000ff000000010000000200000118000004cd0100000006010000000100
sceneTreePerspectives: 000000ff0000000100000002000000c0000000fc0100000006010000000200
maximizedDockId: -1
centralWidgetVisible: 1
orthographicViewHeight: 1
textFiles: -1
consoles: Console:All:All
renderingDevicePerspectives: robot:kinect2D;1;1;0.36371;0.00408719
renderingDevicePerspectives: robot:kinect2RGB;1;1;0;0
