Webots Project File version R2020a
perspectives: 000000ff00000000fd00000002000000000000028a00000546fc0100000002fb0000001a0044006f00630075006d0065006e0074006100740069006f006e0000000000ffffffff0000005400fffffffb0000001e00480074006d006c0052006f0062006f007400570069006e0064006f007701000000000000028a0000005400ffffff00000001000002b700000546fc0200000002fb0000000e0043006f006e0073006f006c00650100000000000005460000005e00fffffffb0000001400540065007800740045006400690074006f00720000000000000004680000003c00ffffff000005090000054600000001000000020000000100000008fc00000000
simulationViewPerspectives: 000000ff00000001000000020000017e000003040100000006010000000100
sceneTreePerspectives: 000000ff0000000100000002000000c0000000fc0100000006010000000200
maximizedDockId: -1
centralWidgetVisible: 1
selectionDisabled: 0
viewpointLocked: 0
orthographicViewHeight: 1
textFiles: -1
robotWindow: robot
renderingDevicePerspectives: robot:kinect2RGB;1;0.559375;0;0
renderingDevicePerspectives: robot:kinect2D;1;0.551563;0.411765;0
